# Created by Octave 4.0.0, Thu Apr 26 11:18:31 2018 BST <vytas@VM>
# name: data
# type: matrix
# rows: 3
# columns: 2
 0 12
 1 11
 2 3


# name: v
# type: matrix
# rows: 3
# columns: 2
 0 12
 1 11
 2 3


